1.907348632812500000e-06 2.632776210265449501e-01 0.000000000000000000e+00 0.000000000000000000e+00 0.000000000000000000e+00
5.002708435058593750e-01 7.614671253576381638e-01 0.000000000000000000e+00 0.000000000000000000e+00 0.000000000000000000e+00
1.001329898834228516e+00 2.765572646134664136e-01 0.000000000000000000e+00 0.000000000000000000e+00 0.000000000000000000e+00
1.501674652099609375e+00 9.944947766874804307e-01 0.000000000000000000e+00 0.000000000000000000e+00 0.000000000000000000e+00
2.001955747604370117e+00 4.092726697473427766e-01 0.000000000000000000e+00 0.000000000000000000e+00 0.000000000000000000e+00
2.502715349197387695e+00 2.595578985802049488e-02 0.000000000000000000e+00 0.000000000000000000e+00 0.000000000000000000e+00
3.002939701080322266e+00 6.018917188456874845e-01 0.000000000000000000e+00 0.000000000000000000e+00 0.000000000000000000e+00
3.503894805908203125e+00 3.664222585878331717e-01 0.000000000000000000e+00 0.000000000000000000e+00 0.000000000000000000e+00
4.004633903503417969e+00 7.922844355049295517e-01 0.000000000000000000e+00 0.000000000000000000e+00 0.000000000000000000e+00
4.512306690216064453e+00 9.836245938426968483e-01 0.000000000000000000e+00 0.000000000000000000e+00 0.000000000000000000e+00
5.012525796890258789e+00 4.419590014610491613e-01 0.000000000000000000e+00 0.000000000000000000e+00 0.000000000000000000e+00
5.512810707092285156e+00 8.792173043018435274e-01 0.000000000000000000e+00 0.000000000000000000e+00 0.000000000000000000e+00
6.013076305389404297e+00 9.794743654401849575e-02 0.000000000000000000e+00 0.000000000000000000e+00 0.000000000000000000e+00
6.513340473175048828e+00 9.727836541684343752e-01 0.000000000000000000e+00 0.000000000000000000e+00 0.000000000000000000e+00
7.013648271560668945e+00 9.951013569002277181e-01 0.000000000000000000e+00 0.000000000000000000e+00 0.000000000000000000e+00
7.513879537582397461e+00 1.284455251169186463e-01 0.000000000000000000e+00 0.000000000000000000e+00 0.000000000000000000e+00
8.014999389648437500e+00 5.046602351697813127e-01 0.000000000000000000e+00 0.000000000000000000e+00 0.000000000000000000e+00
8.515145301818847656e+00 3.359760089041443631e-01 0.000000000000000000e+00 0.000000000000000000e+00 0.000000000000000000e+00
9.016331195831298828e+00 6.674062890841360174e-01 0.000000000000000000e+00 0.000000000000000000e+00 0.000000000000000000e+00
9.517478227615356445e+00 8.388590898449381772e-01 0.000000000000000000e+00 0.000000000000000000e+00 0.000000000000000000e+00
1.001767277717590332e+01 8.882448123222514980e-01 0.000000000000000000e+00 0.000000000000000000e+00 0.000000000000000000e+00
1.051798963546752930e+01 8.403389707324925295e-01 0.000000000000000000e+00 0.000000000000000000e+00 0.000000000000000000e+00
1.101824283599853516e+01 7.362602797279755862e-01 0.000000000000000000e+00 0.000000000000000000e+00 0.000000000000000000e+00
1.151917934417724609e+01 3.772729117471607108e-01 0.000000000000000000e+00 0.000000000000000000e+00 0.000000000000000000e+00
1.201938486099243164e+01 2.546438434610308610e-01 0.000000000000000000e+00 0.000000000000000000e+00 0.000000000000000000e+00
1.252284216880798340e+01 4.400465878274604226e-01 0.000000000000000000e+00 0.000000000000000000e+00 0.000000000000000000e+00
1.302305436134338379e+01 1.377982237024659717e-01 0.000000000000000000e+00 0.000000000000000000e+00 0.000000000000000000e+00
1.352341032028198242e+01 5.728411718759420790e-01 0.000000000000000000e+00 0.000000000000000000e+00 0.000000000000000000e+00
1.402366924285888672e+01 6.216504941437339671e-01 0.000000000000000000e+00 0.000000000000000000e+00 0.000000000000000000e+00
1.452396893501281738e+01 2.122833838498243697e-01 0.000000000000000000e+00 0.000000000000000000e+00 0.000000000000000000e+00
1.502428603172302246e+01 5.154210264677284714e-01 0.000000000000000000e+00 0.000000000000000000e+00 0.000000000000000000e+00
1.552439260482788086e+01 6.641510102130309123e-01 0.000000000000000000e+00 0.000000000000000000e+00 0.000000000000000000e+00
1.602473616600036621e+01 6.238478845179731280e-01 0.000000000000000000e+00 0.000000000000000000e+00 0.000000000000000000e+00
1.652556180953979492e+01 1.744800532500233592e-01 0.000000000000000000e+00 0.000000000000000000e+00 0.000000000000000000e+00
1.702664756774902344e+01 3.878095802115708590e-01 0.000000000000000000e+00 0.000000000000000000e+00 0.000000000000000000e+00
1.752688813209533691e+01 9.598829810059771317e-01 0.000000000000000000e+00 0.000000000000000000e+00 0.000000000000000000e+00
1.802838706970214844e+01 3.912346499285807022e-01 0.000000000000000000e+00 0.000000000000000000e+00 0.000000000000000000e+00
1.852858877182006836e+01 3.819631376681018597e-01 0.000000000000000000e+00 0.000000000000000000e+00 0.000000000000000000e+00
1.902886438369750977e+01 2.194090819127856307e-01 0.000000000000000000e+00 0.000000000000000000e+00 0.000000000000000000e+00
1.953004527091979980e+01 9.688726776788063599e-01 0.000000000000000000e+00 0.000000000000000000e+00 0.000000000000000000e+00
2.003029465675354004e+01 8.494717973492297292e-01 0.000000000000000000e+00 0.000000000000000000e+00 0.000000000000000000e+00
2.053060245513916016e+01 5.562680488117218713e-01 0.000000000000000000e+00 0.000000000000000000e+00 0.000000000000000000e+00
2.103082823753356934e+01 8.365307234625954935e-01 0.000000000000000000e+00 0.000000000000000000e+00 0.000000000000000000e+00
2.153272390365600586e+01 9.657131050584760734e-01 0.000000000000000000e+00 0.000000000000000000e+00 0.000000000000000000e+00
2.203305506706237793e+01 7.314661816444498754e-01 0.000000000000000000e+00 0.000000000000000000e+00 0.000000000000000000e+00
2.253456759452819824e+01 8.033408605454179785e-01 0.000000000000000000e+00 0.000000000000000000e+00 0.000000000000000000e+00
2.303479647636413574e+01 6.167679093557796310e-01 0.000000000000000000e+00 0.000000000000000000e+00 0.000000000000000000e+00
2.353509640693664551e+01 9.643514548648887130e-01 0.000000000000000000e+00 0.000000000000000000e+00 0.000000000000000000e+00
2.403569698333740234e+01 7.739206367403538289e-01 0.000000000000000000e+00 0.000000000000000000e+00 0.000000000000000000e+00
2.453600525856018066e+01 3.158613212585946739e-01 0.000000000000000000e+00 0.000000000000000000e+00 0.000000000000000000e+00
2.503632593154907227e+01 9.040315662365627780e-01 0.000000000000000000e+00 0.000000000000000000e+00 0.000000000000000000e+00
2.553655624389648438e+01 4.801309640913268284e-01 0.000000000000000000e+00 0.000000000000000000e+00 0.000000000000000000e+00
2.603689980506896973e+01 9.531871856068515614e-01 0.000000000000000000e+00 0.000000000000000000e+00 0.000000000000000000e+00
2.653753352165222168e+01 4.951329020951185100e-01 0.000000000000000000e+00 0.000000000000000000e+00 0.000000000000000000e+00
2.703979372978210449e+01 9.412235476363014497e-01 0.000000000000000000e+00 0.000000000000000000e+00 0.000000000000000000e+00
2.753997349739074707e+01 2.902026704144375913e-01 0.000000000000000000e+00 0.000000000000000000e+00 0.000000000000000000e+00
2.804028177261352539e+01 2.854108778691880621e-01 0.000000000000000000e+00 0.000000000000000000e+00 0.000000000000000000e+00
2.854063582420349121e+01 8.839646647610432950e-01 0.000000000000000000e+00 0.000000000000000000e+00 0.000000000000000000e+00
2.904125261306762695e+01 3.478100824036167715e-01 0.000000000000000000e+00 0.000000000000000000e+00 0.000000000000000000e+00
2.954188346862792969e+01 2.517738727489023942e-01 0.000000000000000000e+00 0.000000000000000000e+00 0.000000000000000000e+00
3.004210352897644043e+01 4.541828636986311452e-01 0.000000000000000000e+00 0.000000000000000000e+00 0.000000000000000000e+00
3.054263091087341309e+01 4.225031210932571613e-01 0.000000000000000000e+00 0.000000000000000000e+00 0.000000000000000000e+00
3.104283690452575684e+01 2.606860967199234880e-01 0.000000000000000000e+00 0.000000000000000000e+00 0.000000000000000000e+00
3.154692435264587402e+01 5.544944264255029509e-01 0.000000000000000000e+00 0.000000000000000000e+00 0.000000000000000000e+00
3.204761886596679688e+01 4.917756957864085621e-01 0.000000000000000000e+00 0.000000000000000000e+00 0.000000000000000000e+00
3.254788160324096680e+01 6.528636633495846775e-01 0.000000000000000000e+00 0.000000000000000000e+00 0.000000000000000000e+00
3.304815697669982910e+01 6.172025517791778215e-01 0.000000000000000000e+00 0.000000000000000000e+00 0.000000000000000000e+00
3.354840373992919922e+01 3.692412219078990976e-01 0.000000000000000000e+00 0.000000000000000000e+00 0.000000000000000000e+00
3.404870200157165527e+01 7.709476726395926294e-01 0.000000000000000000e+00 0.000000000000000000e+00 0.000000000000000000e+00
3.454889178276062012e+01 4.587619826852953331e-01 0.000000000000000000e+00 0.000000000000000000e+00 0.000000000000000000e+00
3.504927730560302734e+01 2.029399029117188169e-01 0.000000000000000000e+00 0.000000000000000000e+00 0.000000000000000000e+00
3.555028033256530762e+01 1.916912333663397527e-01 0.000000000000000000e+00 0.000000000000000000e+00 0.000000000000000000e+00
3.605498456954956055e+01 1.264494436852737769e-01 0.000000000000000000e+00 0.000000000000000000e+00 0.000000000000000000e+00
3.655515933036804199e+01 6.997200077043763677e-01 0.000000000000000000e+00 0.000000000000000000e+00 0.000000000000000000e+00
3.705616068840026855e+01 1.319365056034964567e-01 0.000000000000000000e+00 0.000000000000000000e+00 0.000000000000000000e+00
3.755646252632141113e+01 3.410513153593559554e-01 0.000000000000000000e+00 0.000000000000000000e+00 0.000000000000000000e+00
3.805667161941528320e+01 6.756422227104652567e-01 0.000000000000000000e+00 0.000000000000000000e+00 0.000000000000000000e+00
3.855692958831787109e+01 9.246543079404767607e-02 0.000000000000000000e+00 0.000000000000000000e+00 0.000000000000000000e+00
3.905714821815490723e+01 7.034270429445388384e-02 0.000000000000000000e+00 0.000000000000000000e+00 0.000000000000000000e+00
3.955745458602905273e+01 4.441879580626362234e-03 0.000000000000000000e+00 0.000000000000000000e+00 0.000000000000000000e+00
4.005767560005187988e+01 8.587616230141297269e-01 0.000000000000000000e+00 0.000000000000000000e+00 0.000000000000000000e+00
4.055971908569335938e+01 8.426351606267671324e-01 0.000000000000000000e+00 0.000000000000000000e+00 0.000000000000000000e+00
4.106026625633239746e+01 9.008315046039679919e-01 0.000000000000000000e+00 0.000000000000000000e+00 0.000000000000000000e+00
4.156045055389404297e+01 6.148803210436433186e-01 0.000000000000000000e+00 0.000000000000000000e+00 0.000000000000000000e+00
4.206078600883483887e+01 7.494663102221654771e-02 0.000000000000000000e+00 0.000000000000000000e+00 0.000000000000000000e+00
4.256099796295166016e+01 4.735729941494726258e-01 0.000000000000000000e+00 0.000000000000000000e+00 0.000000000000000000e+00
4.306127047538757324e+01 7.267737144798808169e-01 0.000000000000000000e+00 0.000000000000000000e+00 0.000000000000000000e+00
4.356149291992187500e+01 8.241500910101398070e-01 0.000000000000000000e+00 0.000000000000000000e+00 0.000000000000000000e+00
4.406182885169982910e+01 8.249932129719786955e-01 0.000000000000000000e+00 0.000000000000000000e+00 0.000000000000000000e+00
4.456206369400024414e+01 8.776034206507591362e-01 0.000000000000000000e+00 0.000000000000000000e+00 0.000000000000000000e+00
4.506375312805175781e+01 8.291995076833655887e-01 0.000000000000000000e+00 0.000000000000000000e+00 0.000000000000000000e+00
4.556396245956420898e+01 6.163072953127923803e-01 0.000000000000000000e+00 0.000000000000000000e+00 0.000000000000000000e+00
4.606424760818481445e+01 9.337666313294161746e-01 0.000000000000000000e+00 0.000000000000000000e+00 0.000000000000000000e+00
4.656453323364257812e+01 5.154645179471006866e-02 0.000000000000000000e+00 0.000000000000000000e+00 0.000000000000000000e+00
4.706481313705444336e+01 2.609171507079003360e-01 0.000000000000000000e+00 0.000000000000000000e+00 0.000000000000000000e+00
4.756515622138977051e+01 2.913879269129840965e-01 0.000000000000000000e+00 0.000000000000000000e+00 0.000000000000000000e+00
4.806540012359619141e+01 1.294893639479041125e-01 0.000000000000000000e+00 0.000000000000000000e+00 0.000000000000000000e+00
4.856570386886596680e+01 3.843423255658514615e-01 0.000000000000000000e+00 0.000000000000000000e+00 0.000000000000000000e+00
4.906592512130737305e+01 5.054885475524490968e-01 0.000000000000000000e+00 0.000000000000000000e+00 0.000000000000000000e+00
4.959962797164916992e+01 1.456175961448191725e-01 0.000000000000000000e+00 0.000000000000000000e+00 0.000000000000000000e+00
5.009983801841735840e+01 9.146268965349847457e-01 0.000000000000000000e+00 0.000000000000000000e+00 0.000000000000000000e+00
5.060355162620544434e+01 4.005927852995039284e-01 0.000000000000000000e+00 0.000000000000000000e+00 0.000000000000000000e+00
5.110376715660095215e+01 2.877669521462900004e-01 0.000000000000000000e+00 0.000000000000000000e+00 0.000000000000000000e+00
5.160406684875488281e+01 7.757824976957464758e-01 0.000000000000000000e+00 0.000000000000000000e+00 0.000000000000000000e+00
5.210437393188476562e+01 2.135128083501737217e-01 0.000000000000000000e+00 0.000000000000000000e+00 0.000000000000000000e+00
5.260465359687805176e+01 9.413480330642700622e-01 0.000000000000000000e+00 0.000000000000000000e+00 0.000000000000000000e+00
5.310497069358825684e+01 5.171691118163235235e-02 0.000000000000000000e+00 0.000000000000000000e+00 0.000000000000000000e+00
5.360521221160888672e+01 1.391392807352420657e-01 0.000000000000000000e+00 0.000000000000000000e+00 0.000000000000000000e+00
5.410554933547973633e+01 6.131279454423524955e-01 0.000000000000000000e+00 0.000000000000000000e+00 0.000000000000000000e+00
5.460572671890258789e+01 9.457239263039890487e-01 0.000000000000000000e+00 0.000000000000000000e+00 0.000000000000000000e+00
5.510697245597839355e+01 5.978795618061805150e-03 0.000000000000000000e+00 0.000000000000000000e+00 0.000000000000000000e+00
5.560719108581542969e+01 2.386916876549655120e-01 0.000000000000000000e+00 0.000000000000000000e+00 0.000000000000000000e+00
5.610748600959777832e+01 1.060178560405167225e-02 0.000000000000000000e+00 0.000000000000000000e+00 0.000000000000000000e+00
5.660771608352661133e+01 1.708510173401155408e-01 0.000000000000000000e+00 0.000000000000000000e+00 0.000000000000000000e+00
5.710799431800842285e+01 4.479194587543765538e-01 0.000000000000000000e+00 0.000000000000000000e+00 0.000000000000000000e+00
5.760822629928588867e+01 1.449872542205274950e-01 0.000000000000000000e+00 0.000000000000000000e+00 0.000000000000000000e+00
5.810847377777099609e+01 3.864523603611277336e-01 0.000000000000000000e+00 0.000000000000000000e+00 0.000000000000000000e+00
5.860883975028991699e+01 7.038367515225366633e-01 0.000000000000000000e+00 0.000000000000000000e+00 0.000000000000000000e+00
5.910979485511779785e+01 2.814019465673123221e-02 0.000000000000000000e+00 0.000000000000000000e+00 0.000000000000000000e+00
5.961064767837524414e+01 9.537387852250565068e-01 0.000000000000000000e+00 0.000000000000000000e+00 0.000000000000000000e+00
6.011085581779479980e+01 7.431316248269701497e-01 0.000000000000000000e+00 0.000000000000000000e+00 0.000000000000000000e+00
6.061116051673889160e+01 7.817688544390510863e-02 0.000000000000000000e+00 0.000000000000000000e+00 0.000000000000000000e+00
6.111152434349060059e+01 9.107361756665363073e-01 0.000000000000000000e+00 0.000000000000000000e+00 0.000000000000000000e+00
6.161176323890686035e+01 2.896747435508717494e-02 0.000000000000000000e+00 0.000000000000000000e+00 0.000000000000000000e+00
6.211293768882751465e+01 5.958845343142782358e-02 0.000000000000000000e+00 0.000000000000000000e+00 0.000000000000000000e+00
6.261404037475585938e+01 7.831059871499529423e-01 0.000000000000000000e+00 0.000000000000000000e+00 0.000000000000000000e+00
6.311511611938476562e+01 8.751446974088694652e-02 0.000000000000000000e+00 0.000000000000000000e+00 0.000000000000000000e+00
6.361528825759887695e+01 3.964573987909006947e-01 0.000000000000000000e+00 0.000000000000000000e+00 0.000000000000000000e+00
6.411556863784790039e+01 3.302373190344065623e-01 0.000000000000000000e+00 0.000000000000000000e+00 0.000000000000000000e+00
6.461601543426513672e+01 8.901646915865868426e-02 0.000000000000000000e+00 0.000000000000000000e+00 0.000000000000000000e+00
6.511626267433166504e+01 5.035977005601401935e-01 0.000000000000000000e+00 0.000000000000000000e+00 0.000000000000000000e+00
6.561662626266479492e+01 8.644146149032703175e-01 0.000000000000000000e+00 0.000000000000000000e+00 0.000000000000000000e+00
6.611684322357177734e+01 6.574931999980132558e-01 0.000000000000000000e+00 0.000000000000000000e+00 0.000000000000000000e+00
6.661714720726013184e+01 4.255348338508757600e-01 0.000000000000000000e+00 0.000000000000000000e+00 0.000000000000000000e+00
6.711739134788513184e+01 8.746432080430852629e-01 0.000000000000000000e+00 0.000000000000000000e+00 0.000000000000000000e+00
6.761761903762817383e+01 6.887045946109250361e-01 0.000000000000000000e+00 0.000000000000000000e+00 0.000000000000000000e+00
6.811787772178649902e+01 1.748410209114942271e-01 0.000000000000000000e+00 0.000000000000000000e+00 0.000000000000000000e+00
6.861807775497436523e+01 4.385683954503617477e-01 0.000000000000000000e+00 0.000000000000000000e+00 0.000000000000000000e+00
6.911836194992065430e+01 8.703601282178496934e-02 0.000000000000000000e+00 0.000000000000000000e+00 0.000000000000000000e+00
6.961844134330749512e+01 2.797558392676664507e-01 0.000000000000000000e+00 0.000000000000000000e+00 0.000000000000000000e+00
7.011864709854125977e+01 5.631942055716483431e-01 0.000000000000000000e+00 0.000000000000000000e+00 0.000000000000000000e+00
7.061885571479797363e+01 4.164213121519600991e-01 0.000000000000000000e+00 0.000000000000000000e+00 0.000000000000000000e+00
7.111980795860290527e+01 6.770055897639674081e-01 0.000000000000000000e+00 0.000000000000000000e+00 0.000000000000000000e+00
7.162017011642456055e+01 3.763475276873141651e-01 0.000000000000000000e+00 0.000000000000000000e+00 0.000000000000000000e+00
7.212041711807250977e+01 5.257618361530147499e-01 0.000000000000000000e+00 0.000000000000000000e+00 0.000000000000000000e+00
7.262091875076293945e+01 5.141767622262147786e-01 0.000000000000000000e+00 0.000000000000000000e+00 0.000000000000000000e+00
7.312128329277038574e+01 2.183305661587997548e-02 0.000000000000000000e+00 0.000000000000000000e+00 0.000000000000000000e+00
7.362155246734619141e+01 1.958491117853249364e-01 0.000000000000000000e+00 0.000000000000000000e+00 0.000000000000000000e+00
7.412189412117004395e+01 5.863389239515779394e-01 0.000000000000000000e+00 0.000000000000000000e+00 0.000000000000000000e+00
7.462221240997314453e+01 5.635645175777529436e-01 0.000000000000000000e+00 0.000000000000000000e+00 0.000000000000000000e+00
7.512251758575439453e+01 8.482068331031276109e-01 0.000000000000000000e+00 0.000000000000000000e+00 0.000000000000000000e+00
7.562276649475097656e+01 9.276041581751632847e-01 0.000000000000000000e+00 0.000000000000000000e+00 0.000000000000000000e+00
7.612444782257080078e+01 2.609138434165479969e-01 0.000000000000000000e+00 0.000000000000000000e+00 0.000000000000000000e+00
7.662482762336730957e+01 8.260919221623690412e-01 0.000000000000000000e+00 0.000000000000000000e+00 0.000000000000000000e+00
7.712697029113769531e+01 2.992162121738948244e-01 0.000000000000000000e+00 0.000000000000000000e+00 0.000000000000000000e+00
7.762718009948730469e+01 3.523032816199700434e-02 0.000000000000000000e+00 0.000000000000000000e+00 0.000000000000000000e+00
7.812746787071228027e+01 4.831503336890642375e-01 0.000000000000000000e+00 0.000000000000000000e+00 0.000000000000000000e+00
7.862843108177185059e+01 2.771775458285772320e-01 0.000000000000000000e+00 0.000000000000000000e+00 0.000000000000000000e+00
7.912866377830505371e+01 3.504406348224493595e-01 0.000000000000000000e+00 0.000000000000000000e+00 0.000000000000000000e+00
7.962943220138549805e+01 4.089911336583066381e-01 0.000000000000000000e+00 0.000000000000000000e+00 0.000000000000000000e+00
8.012963628768920898e+01 1.551700129375538362e-01 0.000000000000000000e+00 0.000000000000000000e+00 0.000000000000000000e+00
8.063333058357238770e+01 5.223669662775650702e-01 0.000000000000000000e+00 0.000000000000000000e+00 0.000000000000000000e+00
8.113359093666076660e+01 9.079886283710137951e-01 0.000000000000000000e+00 0.000000000000000000e+00 0.000000000000000000e+00
8.163665032386779785e+01 5.346206842104840318e-01 0.000000000000000000e+00 0.000000000000000000e+00 0.000000000000000000e+00
8.213744187355041504e+01 5.829872607591037870e-01 0.000000000000000000e+00 0.000000000000000000e+00 0.000000000000000000e+00
8.263815283775329590e+01 7.234655906763293176e-01 0.000000000000000000e+00 0.000000000000000000e+00 0.000000000000000000e+00
8.313844513893127441e+01 2.732242847307702061e-01 0.000000000000000000e+00 0.000000000000000000e+00 0.000000000000000000e+00
8.363873624801635742e+01 8.989364902483826247e-01 0.000000000000000000e+00 0.000000000000000000e+00 0.000000000000000000e+00
8.413906025886535645e+01 2.814912008890126938e-01 0.000000000000000000e+00 0.000000000000000000e+00 0.000000000000000000e+00
8.463939380645751953e+01 8.512878875222219532e-01 0.000000000000000000e+00 0.000000000000000000e+00 0.000000000000000000e+00
8.513950872421264648e+01 2.961367473354388213e-01 0.000000000000000000e+00 0.000000000000000000e+00 0.000000000000000000e+00
8.563979125022888184e+01 5.114692291690756676e-01 0.000000000000000000e+00 0.000000000000000000e+00 0.000000000000000000e+00
8.614074897766113281e+01 8.765772977184448367e-01 0.000000000000000000e+00 0.000000000000000000e+00 0.000000000000000000e+00
8.664101862907409668e+01 1.807693978241716737e-01 0.000000000000000000e+00 0.000000000000000000e+00 0.000000000000000000e+00
8.714123225212097168e+01 1.191606451621466389e-01 0.000000000000000000e+00 0.000000000000000000e+00 0.000000000000000000e+00
8.764152264595031738e+01 4.151007009164947581e-01 0.000000000000000000e+00 0.000000000000000000e+00 0.000000000000000000e+00
8.814169979095458984e+01 9.096761343630600516e-01 0.000000000000000000e+00 0.000000000000000000e+00 0.000000000000000000e+00
8.864247250556945801e+01 4.528227522884830103e-01 0.000000000000000000e+00 0.000000000000000000e+00 0.000000000000000000e+00
8.914268136024475098e+01 3.283992440516733113e-01 0.000000000000000000e+00 0.000000000000000000e+00 0.000000000000000000e+00
8.964392518997192383e+01 5.308416693903182937e-01 0.000000000000000000e+00 0.000000000000000000e+00 0.000000000000000000e+00
9.014413881301879883e+01 3.611889704456405781e-01 0.000000000000000000e+00 0.000000000000000000e+00 0.000000000000000000e+00
9.064436173439025879e+01 5.819692791554148537e-01 0.000000000000000000e+00 0.000000000000000000e+00 0.000000000000000000e+00
9.114541769027709961e+01 9.595146282240147872e-01 0.000000000000000000e+00 0.000000000000000000e+00 0.000000000000000000e+00
9.164563679695129395e+01 3.458264881197723462e-01 0.000000000000000000e+00 0.000000000000000000e+00 0.000000000000000000e+00
9.214587974548339844e+01 1.659931915350291165e-01 0.000000000000000000e+00 0.000000000000000000e+00 0.000000000000000000e+00
9.264674830436706543e+01 7.155389842673937073e-01 0.000000000000000000e+00 0.000000000000000000e+00 0.000000000000000000e+00
9.314758920669555664e+01 2.571349400090655601e-01 0.000000000000000000e+00 0.000000000000000000e+00 0.000000000000000000e+00
9.364780211448669434e+01 7.953196662805551709e-01 0.000000000000000000e+00 0.000000000000000000e+00 0.000000000000000000e+00
9.415070152282714844e+01 5.590652982438356622e-01 0.000000000000000000e+00 0.000000000000000000e+00 0.000000000000000000e+00
9.465165925025939941e+01 3.090031986197043778e-01 0.000000000000000000e+00 0.000000000000000000e+00 0.000000000000000000e+00
9.515283703804016113e+01 5.410287475974451255e-01 0.000000000000000000e+00 0.000000000000000000e+00 0.000000000000000000e+00
9.565310239791870117e+01 5.700257461065927345e-02 0.000000000000000000e+00 0.000000000000000000e+00 0.000000000000000000e+00
9.615366911888122559e+01 6.933140601651143209e-01 0.000000000000000000e+00 0.000000000000000000e+00 0.000000000000000000e+00
9.665459752082824707e+01 4.530862220612263958e-02 0.000000000000000000e+00 0.000000000000000000e+00 0.000000000000000000e+00
9.715504026412963867e+01 9.509867748917631980e-01 0.000000000000000000e+00 0.000000000000000000e+00 0.000000000000000000e+00
9.765529656410217285e+01 4.441323208354759355e-01 0.000000000000000000e+00 0.000000000000000000e+00 0.000000000000000000e+00
9.815552353858947754e+01 7.152268319845626054e-01 0.000000000000000000e+00 0.000000000000000000e+00 0.000000000000000000e+00
9.865668344497680664e+01 8.560262737985125936e-01 0.000000000000000000e+00 0.000000000000000000e+00 0.000000000000000000e+00
9.917305064201354980e+01 3.634327379905133437e-02 0.000000000000000000e+00 0.000000000000000000e+00 0.000000000000000000e+00
9.967978453636169434e+01 5.776386349968927192e-01 0.000000000000000000e+00 0.000000000000000000e+00 0.000000000000000000e+00
1.001800143718719482e+02 5.347578883470812672e-01 0.000000000000000000e+00 0.000000000000000000e+00 0.000000000000000000e+00
1.006809825897216797e+02 8.442550253599701016e-02 0.000000000000000000e+00 0.000000000000000000e+00 0.000000000000000000e+00
1.011811916828155518e+02 6.046781080368412997e-01 0.000000000000000000e+00 0.000000000000000000e+00 0.000000000000000000e+00
1.016814892292022705e+02 3.591244271105408226e-01 0.000000000000000000e+00 0.000000000000000000e+00 0.000000000000000000e+00
1.021817138195037842e+02 5.356374943501696073e-02 0.000000000000000000e+00 0.000000000000000000e+00 0.000000000000000000e+00
1.026819682121276855e+02 8.445593121097774159e-01 0.000000000000000000e+00 0.000000000000000000e+00 0.000000000000000000e+00
1.031822059154510498e+02 8.737644829605947239e-01 0.000000000000000000e+00 0.000000000000000000e+00 0.000000000000000000e+00
1.036824772357940674e+02 4.407480023362858601e-01 0.000000000000000000e+00 0.000000000000000000e+00 0.000000000000000000e+00
1.041830437183380127e+02 9.522942100322860925e-01 0.000000000000000000e+00 0.000000000000000000e+00 0.000000000000000000e+00
1.046832575798034668e+02 9.557472401964112185e-01 0.000000000000000000e+00 0.000000000000000000e+00 0.000000000000000000e+00
1.051877734661102295e+02 7.519059681904857184e-01 0.000000000000000000e+00 0.000000000000000000e+00 0.000000000000000000e+00
1.056882953643798828e+02 7.862437942467842555e-01 0.000000000000000000e+00 0.000000000000000000e+00 0.000000000000000000e+00
1.061893818378448486e+02 5.571308109796225816e-01 0.000000000000000000e+00 0.000000000000000000e+00 0.000000000000000000e+00
1.066895594596862793e+02 3.385139786886496305e-01 0.000000000000000000e+00 0.000000000000000000e+00 0.000000000000000000e+00
1.071899120807647705e+02 5.227138136789410972e-02 0.000000000000000000e+00 0.000000000000000000e+00 0.000000000000000000e+00
1.076906287670135498e+02 8.770356332541681121e-01 0.000000000000000000e+00 0.000000000000000000e+00 0.000000000000000000e+00
1.081908373832702637e+02 4.422354931855776439e-02 0.000000000000000000e+00 0.000000000000000000e+00 0.000000000000000000e+00
1.086911690235137939e+02 8.837077118347049787e-01 0.000000000000000000e+00 0.000000000000000000e+00 0.000000000000000000e+00
1.091913933753967285e+02 1.443012185534686687e-02 0.000000000000000000e+00 0.000000000000000000e+00 0.000000000000000000e+00
1.096927626132965088e+02 4.126946554492993968e-01 0.000000000000000000e+00 0.000000000000000000e+00 0.000000000000000000e+00
1.101929972171783447e+02 5.344769372566265941e-01 0.000000000000000000e+00 0.000000000000000000e+00 0.000000000000000000e+00
1.106969895362854004e+02 5.251276782673198751e-01 0.000000000000000000e+00 0.000000000000000000e+00 0.000000000000000000e+00
1.111978843212127686e+02 4.183747859309927541e-01 0.000000000000000000e+00 0.000000000000000000e+00 0.000000000000000000e+00
1.116986896991729736e+02 1.907694003968478658e-01 0.000000000000000000e+00 0.000000000000000000e+00 0.000000000000000000e+00
1.121987423896789551e+02 1.241146248385839312e-01 0.000000000000000000e+00 0.000000000000000000e+00 0.000000000000000000e+00
1.126989729404449463e+02 4.368623108481632933e-01 0.000000000000000000e+00 0.000000000000000000e+00 0.000000000000000000e+00
1.131993038654327393e+02 1.575149151536104908e-01 0.000000000000000000e+00 0.000000000000000000e+00 0.000000000000000000e+00
1.136995472908020020e+02 8.270119513748547257e-01 0.000000000000000000e+00 0.000000000000000000e+00 0.000000000000000000e+00
1.142007093429565430e+02 4.490836689923657365e-01 0.000000000000000000e+00 0.000000000000000000e+00 0.000000000000000000e+00
1.147010452747344971e+02 3.934747511027181233e-02 0.000000000000000000e+00 0.000000000000000000e+00 0.000000000000000000e+00
1.152017912864685059e+02 5.677186712804502822e-01 0.000000000000000000e+00 0.000000000000000000e+00 0.000000000000000000e+00
1.157020025253295898e+02 3.124501291217509635e-01 0.000000000000000000e+00 0.000000000000000000e+00 0.000000000000000000e+00
1.162026166915893555e+02 1.835038703637382751e-01 0.000000000000000000e+00 0.000000000000000000e+00 0.000000000000000000e+00
1.167028243541717529e+02 3.566842014210642731e-01 0.000000000000000000e+00 0.000000000000000000e+00 0.000000000000000000e+00
1.172033231258392334e+02 6.766341428520503687e-01 0.000000000000000000e+00 0.000000000000000000e+00 0.000000000000000000e+00
1.177036337852478027e+02 6.261166580846605489e-01 0.000000000000000000e+00 0.000000000000000000e+00 0.000000000000000000e+00
1.182037951946258545e+02 1.823733799566161773e-01 0.000000000000000000e+00 0.000000000000000000e+00 0.000000000000000000e+00
1.187042944431304932e+02 1.708481125282999002e-01 0.000000000000000000e+00 0.000000000000000000e+00 0.000000000000000000e+00
1.192046391963958740e+02 4.724348394687319930e-01 0.000000000000000000e+00 0.000000000000000000e+00 0.000000000000000000e+00
1.197064907550811768e+02 4.441711450037142406e-01 0.000000000000000000e+00 0.000000000000000000e+00 0.000000000000000000e+00
1.202067697048187256e+02 4.397425889246875386e-02 0.000000000000000000e+00 0.000000000000000000e+00 0.000000000000000000e+00
1.207072112560272217e+02 5.256356386117672086e-01 0.000000000000000000e+00 0.000000000000000000e+00 0.000000000000000000e+00
1.212074892520904541e+02 5.117176130020559821e-01 0.000000000000000000e+00 0.000000000000000000e+00 0.000000000000000000e+00
1.217077329158782959e+02 4.612984359446437033e-01 0.000000000000000000e+00 0.000000000000000000e+00 0.000000000000000000e+00
1.222080724239349365e+02 2.902712914666564226e-01 0.000000000000000000e+00 0.000000000000000000e+00 0.000000000000000000e+00
1.227085921764373779e+02 6.817747877334325857e-01 0.000000000000000000e+00 0.000000000000000000e+00 0.000000000000000000e+00
1.232089166641235352e+02 4.603204753399888771e-01 0.000000000000000000e+00 0.000000000000000000e+00 0.000000000000000000e+00
1.237091517448425293e+02 9.892687594790505745e-01 0.000000000000000000e+00 0.000000000000000000e+00 0.000000000000000000e+00
1.242108666896820068e+02 3.451929692915172154e-01 0.000000000000000000e+00 0.000000000000000000e+00 0.000000000000000000e+00
1.247110786437988281e+02 2.723281170081485181e-01 0.000000000000000000e+00 0.000000000000000000e+00 0.000000000000000000e+00
1.252113761901855469e+02 2.620354481898273802e-01 0.000000000000000000e+00 0.000000000000000000e+00 0.000000000000000000e+00
1.257116703987121582e+02 8.789804391091493585e-01 0.000000000000000000e+00 0.000000000000000000e+00 0.000000000000000000e+00
1.262119677066802979e+02 5.855388805933334773e-01 0.000000000000000000e+00 0.000000000000000000e+00 0.000000000000000000e+00
1.267121999263763428e+02 5.014967261070255589e-01 0.000000000000000000e+00 0.000000000000000000e+00 0.000000000000000000e+00
1.272124314308166504e+02 1.125082014558902443e-01 0.000000000000000000e+00 0.000000000000000000e+00 0.000000000000000000e+00
1.277135047912597656e+02 2.727961032205454828e-01 0.000000000000000000e+00 0.000000000000000000e+00 0.000000000000000000e+00
1.282142608165740967e+02 9.634392136714126087e-01 0.000000000000000000e+00 0.000000000000000000e+00 0.000000000000000000e+00
1.287144856452941895e+02 6.541771836165298781e-01 0.000000000000000000e+00 0.000000000000000000e+00 0.000000000000000000e+00
1.292146873474121094e+02 7.431338441093321423e-01 0.000000000000000000e+00 0.000000000000000000e+00 0.000000000000000000e+00
1.297149403095245361e+02 9.042438234322687229e-01 0.000000000000000000e+00 0.000000000000000000e+00 0.000000000000000000e+00
1.302161457538604736e+02 8.731992973649170819e-01 0.000000000000000000e+00 0.000000000000000000e+00 0.000000000000000000e+00
1.307164349555969238e+02 6.870777774826960504e-01 0.000000000000000000e+00 0.000000000000000000e+00 0.000000000000000000e+00
1.312166776657104492e+02 7.873862510588980346e-01 0.000000000000000000e+00 0.000000000000000000e+00 0.000000000000000000e+00
1.317170219421386719e+02 5.412213575812221400e-01 0.000000000000000000e+00 0.000000000000000000e+00 0.000000000000000000e+00
1.322180566787719727e+02 9.332670574982711020e-01 0.000000000000000000e+00 0.000000000000000000e+00 0.000000000000000000e+00
1.327187623977661133e+02 6.412497343144030193e-02 0.000000000000000000e+00 0.000000000000000000e+00 0.000000000000000000e+00
1.332192487716674805e+02 7.993380609523045299e-01 0.000000000000000000e+00 0.000000000000000000e+00 0.000000000000000000e+00
1.337233724594116211e+02 2.772161726516397806e-02 0.000000000000000000e+00 0.000000000000000000e+00 0.000000000000000000e+00
1.342243316173553467e+02 9.809953588851708650e-01 0.000000000000000000e+00 0.000000000000000000e+00 0.000000000000000000e+00
1.347246253490447998e+02 8.447162508946763904e-01 0.000000000000000000e+00 0.000000000000000000e+00 0.000000000000000000e+00
1.352248969078063965e+02 2.177424668706973154e-01 0.000000000000000000e+00 0.000000000000000000e+00 0.000000000000000000e+00
1.357251274585723877e+02 1.976973944071978018e-01 0.000000000000000000e+00 0.000000000000000000e+00 0.000000000000000000e+00
1.362254769802093506e+02 7.977146663023290118e-01 0.000000000000000000e+00 0.000000000000000000e+00 0.000000000000000000e+00
1.367257449626922607e+02 9.144714285617793204e-01 0.000000000000000000e+00 0.000000000000000000e+00 0.000000000000000000e+00
1.372258131504058838e+02 1.211304539902645638e-01 0.000000000000000000e+00 0.000000000000000000e+00 0.000000000000000000e+00
1.377260646820068359e+02 3.450179217212931970e-01 0.000000000000000000e+00 0.000000000000000000e+00 0.000000000000000000e+00
1.382267613410949707e+02 4.606548479632697202e-01 0.000000000000000000e+00 0.000000000000000000e+00 0.000000000000000000e+00
1.387269840240478516e+02 2.120418537974615436e-01 0.000000000000000000e+00 0.000000000000000000e+00 0.000000000000000000e+00
1.392285258769989014e+02 4.512337144626662466e-01 0.000000000000000000e+00 0.000000000000000000e+00 0.000000000000000000e+00
1.397287571430206299e+02 7.841421020755089399e-01 0.000000000000000000e+00 0.000000000000000000e+00 0.000000000000000000e+00
1.402292494773864746e+02 9.481369896795373009e-01 0.000000000000000000e+00 0.000000000000000000e+00 0.000000000000000000e+00
1.407295718193054199e+02 7.652227887732330203e-01 0.000000000000000000e+00 0.000000000000000000e+00 0.000000000000000000e+00
1.412298228740692139e+02 2.376661379627178494e-01 0.000000000000000000e+00 0.000000000000000000e+00 0.000000000000000000e+00
1.417301537990570068e+02 8.785732408240961577e-01 0.000000000000000000e+00 0.000000000000000000e+00 0.000000000000000000e+00
1.422303829193115234e+02 7.921794226208269674e-01 0.000000000000000000e+00 0.000000000000000000e+00 0.000000000000000000e+00
1.427314498424530029e+02 7.489788960177296007e-01 0.000000000000000000e+00 0.000000000000000000e+00 0.000000000000000000e+00
1.432316393852233887e+02 9.777534374129071004e-01 0.000000000000000000e+00 0.000000000000000000e+00 0.000000000000000000e+00
1.437319371700286865e+02 7.803059828784777441e-01 0.000000000000000000e+00 0.000000000000000000e+00 0.000000000000000000e+00
1.442322797775268555e+02 8.544215990227940205e-01 0.000000000000000000e+00 0.000000000000000000e+00 0.000000000000000000e+00
1.447325043678283691e+02 7.845129341603694906e-01 0.000000000000000000e+00 0.000000000000000000e+00 0.000000000000000000e+00
1.452333204746246338e+02 7.211343920789152762e-01 0.000000000000000000e+00 0.000000000000000000e+00 0.000000000000000000e+00
1.457334933280944824e+02 7.437337068883868030e-01 0.000000000000000000e+00 0.000000000000000000e+00 0.000000000000000000e+00
1.462337412834167480e+02 8.777157106379198659e-01 0.000000000000000000e+00 0.000000000000000000e+00 0.000000000000000000e+00
1.467340972423553467e+02 3.517560132561388109e-01 0.000000000000000000e+00 0.000000000000000000e+00 0.000000000000000000e+00
1.472343440055847168e+02 9.362923176559506677e-01 0.000000000000000000e+00 0.000000000000000000e+00 0.000000000000000000e+00
1.477346832752227783e+02 5.890383302654348396e-01 0.000000000000000000e+00 0.000000000000000000e+00 0.000000000000000000e+00
1.482348947525024414e+02 5.994364147015645017e-01 0.000000000000000000e+00 0.000000000000000000e+00 0.000000000000000000e+00
1.487600109577178955e+02 4.684105914998056841e-01 0.000000000000000000e+00 0.000000000000000000e+00 0.000000000000000000e+00
1.492602565288543701e+02 9.401508363906070365e-01 0.000000000000000000e+00 0.000000000000000000e+00 0.000000000000000000e+00
1.497615826129913330e+02 5.463144590378635757e-01 0.000000000000000000e+00 0.000000000000000000e+00 0.000000000000000000e+00
1.502618117332458496e+02 4.442693526367805790e-01 0.000000000000000000e+00 0.000000000000000000e+00 0.000000000000000000e+00
1.507627208232879639e+02 6.618939410023936265e-01 0.000000000000000000e+00 0.000000000000000000e+00 0.000000000000000000e+00
1.512629337310791016e+02 4.527364127493563872e-01 0.000000000000000000e+00 0.000000000000000000e+00 0.000000000000000000e+00
1.517828373908996582e+02 6.137070563973267001e-01 0.000000000000000000e+00 0.000000000000000000e+00 0.000000000000000000e+00
1.522830390930175781e+02 1.401190435368895315e-01 0.000000000000000000e+00 0.000000000000000000e+00 0.000000000000000000e+00
1.527833313941955566e+02 8.357321548240110864e-01 0.000000000000000000e+00 0.000000000000000000e+00 0.000000000000000000e+00
1.532835209369659424e+02 6.837793018751463503e-01 0.000000000000000000e+00 0.000000000000000000e+00 0.000000000000000000e+00
1.537837450504302979e+02 8.353908382290240464e-01 0.000000000000000000e+00 0.000000000000000000e+00 0.000000000000000000e+00
1.542840685844421387e+02 6.955859199974828710e-01 0.000000000000000000e+00 0.000000000000000000e+00 0.000000000000000000e+00
1.547842953205108643e+02 1.660709932435993075e-01 0.000000000000000000e+00 0.000000000000000000e+00 0.000000000000000000e+00
1.552850277423858643e+02 3.127404103919400047e-01 0.000000000000000000e+00 0.000000000000000000e+00 0.000000000000000000e+00
1.557857201099395752e+02 4.490850836875379670e-01 0.000000000000000000e+00 0.000000000000000000e+00 0.000000000000000000e+00
1.562897098064422607e+02 3.844010900374787987e-01 0.000000000000000000e+00 0.000000000000000000e+00 0.000000000000000000e+00
1.567909569740295410e+02 7.755311201619043970e-01 0.000000000000000000e+00 0.000000000000000000e+00 0.000000000000000000e+00
1.572918665409088135e+02 8.582573409593892144e-01 0.000000000000000000e+00 0.000000000000000000e+00 0.000000000000000000e+00
1.577927300930023193e+02 3.712661378378335764e-01 0.000000000000000000e+00 0.000000000000000000e+00 0.000000000000000000e+00
1.582929627895355225e+02 1.999039878408210846e-01 0.000000000000000000e+00 0.000000000000000000e+00 0.000000000000000000e+00
1.587932703495025635e+02 6.026494537855751066e-01 0.000000000000000000e+00 0.000000000000000000e+00 0.000000000000000000e+00
1.592934906482696533e+02 9.112833827068516079e-01 0.000000000000000000e+00 0.000000000000000000e+00 0.000000000000000000e+00
1.597938084602355957e+02 3.057505425527062837e-01 0.000000000000000000e+00 0.000000000000000000e+00 0.000000000000000000e+00
1.602940349578857422e+02 2.941305539333576302e-01 0.000000000000000000e+00 0.000000000000000000e+00 0.000000000000000000e+00
1.607943177223205566e+02 7.220416481063904879e-01 0.000000000000000000e+00 0.000000000000000000e+00 0.000000000000000000e+00
1.612946069240570068e+02 7.281681407694251540e-01 0.000000000000000000e+00 0.000000000000000000e+00 0.000000000000000000e+00
1.617948293685913086e+02 2.358181481817926972e-01 0.000000000000000000e+00 0.000000000000000000e+00 0.000000000000000000e+00
1.622954168319702148e+02 5.978432654772214416e-01 0.000000000000000000e+00 0.000000000000000000e+00 0.000000000000000000e+00
1.627956380844116211e+02 4.797189021251350161e-01 0.000000000000000000e+00 0.000000000000000000e+00 0.000000000000000000e+00
1.632959713935852051e+02 8.758510987677478044e-01 0.000000000000000000e+00 0.000000000000000000e+00 0.000000000000000000e+00
1.637969412803649902e+02 4.778828347941223020e-01 0.000000000000000000e+00 0.000000000000000000e+00 0.000000000000000000e+00
1.642976360321044922e+02 9.896060992195682138e-01 0.000000000000000000e+00 0.000000000000000000e+00 0.000000000000000000e+00
1.647983469963073730e+02 9.195442009320189403e-01 0.000000000000000000e+00 0.000000000000000000e+00 0.000000000000000000e+00
1.652985637187957764e+02 3.815062036352478980e-02 0.000000000000000000e+00 0.000000000000000000e+00 0.000000000000000000e+00
1.657988240718841553e+02 6.606225972110419953e-01 0.000000000000000000e+00 0.000000000000000000e+00 0.000000000000000000e+00
1.662989878654479980e+02 5.661172467237088890e-01 0.000000000000000000e+00 0.000000000000000000e+00 0.000000000000000000e+00
1.667992944717407227e+02 4.145030965295939396e-01 0.000000000000000000e+00 0.000000000000000000e+00 0.000000000000000000e+00
1.673001859188079834e+02 3.775069841509760549e-01 0.000000000000000000e+00 0.000000000000000000e+00 0.000000000000000000e+00
1.678005096912384033e+02 2.902223912370127668e-01 0.000000000000000000e+00 0.000000000000000000e+00 0.000000000000000000e+00
1.683007416725158691e+02 8.994922766216617571e-01 0.000000000000000000e+00 0.000000000000000000e+00 0.000000000000000000e+00
1.688050754070281982e+02 7.639849360738834028e-01 0.000000000000000000e+00 0.000000000000000000e+00 0.000000000000000000e+00
1.693052713871002197e+02 6.154791584731563736e-01 0.000000000000000000e+00 0.000000000000000000e+00 0.000000000000000000e+00
1.698055167198181152e+02 6.208666107564219105e-01 0.000000000000000000e+00 0.000000000000000000e+00 0.000000000000000000e+00
1.703058784008026123e+02 8.047296117212454636e-01 0.000000000000000000e+00 0.000000000000000000e+00 0.000000000000000000e+00
1.708061194419860840e+02 7.884110512465170029e-02 0.000000000000000000e+00 0.000000000000000000e+00 0.000000000000000000e+00
1.713064427375793457e+02 6.227525171320318353e-01 0.000000000000000000e+00 0.000000000000000000e+00 0.000000000000000000e+00
1.718066663742065430e+02 8.628038700711008202e-01 0.000000000000000000e+00 0.000000000000000000e+00 0.000000000000000000e+00
1.723079805374145508e+02 2.190017272415509808e-01 0.000000000000000000e+00 0.000000000000000000e+00 0.000000000000000000e+00
1.728081126213073730e+02 8.947015521756617185e-01 0.000000000000000000e+00 0.000000000000000000e+00 0.000000000000000000e+00
1.733125038146972656e+02 4.630299128687537236e-01 0.000000000000000000e+00 0.000000000000000000e+00 0.000000000000000000e+00
1.738135900497436523e+02 8.215397885522189858e-01 0.000000000000000000e+00 0.000000000000000000e+00 0.000000000000000000e+00
1.743137991428375244e+02 8.670141066831671406e-02 0.000000000000000000e+00 0.000000000000000000e+00 0.000000000000000000e+00
1.748140048980712891e+02 3.630162063292458052e-01 0.000000000000000000e+00 0.000000000000000000e+00 0.000000000000000000e+00
1.753212699890136719e+02 8.855140702431224531e-01 0.000000000000000000e+00 0.000000000000000000e+00 0.000000000000000000e+00
1.758214819431304932e+02 1.895595910265711614e-01 0.000000000000000000e+00 0.000000000000000000e+00 0.000000000000000000e+00
1.763283684253692627e+02 6.818852722809833899e-01 0.000000000000000000e+00 0.000000000000000000e+00 0.000000000000000000e+00
1.768292405605316162e+02 6.656641145723085629e-01 0.000000000000000000e+00 0.000000000000000000e+00 0.000000000000000000e+00
1.773294949531555176e+02 1.388693617851977091e-02 0.000000000000000000e+00 0.000000000000000000e+00 0.000000000000000000e+00
1.778304116725921631e+02 6.629372421495050016e-02 0.000000000000000000e+00 0.000000000000000000e+00 0.000000000000000000e+00
1.783309359550476074e+02 4.996271126130412688e-01 0.000000000000000000e+00 0.000000000000000000e+00 0.000000000000000000e+00
1.788311223983764648e+02 5.592521445810332281e-01 0.000000000000000000e+00 0.000000000000000000e+00 0.000000000000000000e+00
1.793317134380340576e+02 1.319778457643212555e-01 0.000000000000000000e+00 0.000000000000000000e+00 0.000000000000000000e+00
1.798320176601409912e+02 4.177841556562031933e-01 0.000000000000000000e+00 0.000000000000000000e+00 0.000000000000000000e+00
1.803322896957397461e+02 4.575896348124942614e-01 0.000000000000000000e+00 0.000000000000000000e+00 0.000000000000000000e+00
1.808334438800811768e+02 4.787608651483403754e-01 0.000000000000000000e+00 0.000000000000000000e+00 0.000000000000000000e+00
1.813337039947509766e+02 2.046473997229991681e-01 0.000000000000000000e+00 0.000000000000000000e+00 0.000000000000000000e+00
1.818345074653625488e+02 3.271632026086135347e-01 0.000000000000000000e+00 0.000000000000000000e+00 0.000000000000000000e+00
1.823348102569580078e+02 6.908231996388279894e-01 0.000000000000000000e+00 0.000000000000000000e+00 0.000000000000000000e+00
1.828350603580474854e+02 9.651912549804979591e-01 0.000000000000000000e+00 0.000000000000000000e+00 0.000000000000000000e+00
1.833361451625823975e+02 6.702088169596808198e-01 0.000000000000000000e+00 0.000000000000000000e+00 0.000000000000000000e+00
1.838368132114410400e+02 9.522239116738162590e-01 0.000000000000000000e+00 0.000000000000000000e+00 0.000000000000000000e+00
1.843373482227325439e+02 5.717956273723553418e-01 0.000000000000000000e+00 0.000000000000000000e+00 0.000000000000000000e+00
1.848379964828491211e+02 8.351869530027689059e-01 0.000000000000000000e+00 0.000000000000000000e+00 0.000000000000000000e+00
1.853421175479888916e+02 2.781093823111717711e-01 0.000000000000000000e+00 0.000000000000000000e+00 0.000000000000000000e+00
1.858426694869995117e+02 1.066281878308039666e-01 0.000000000000000000e+00 0.000000000000000000e+00 0.000000000000000000e+00
1.863434600830078125e+02 6.196628754168508335e-01 0.000000000000000000e+00 0.000000000000000000e+00 0.000000000000000000e+00
1.868436396121978760e+02 4.915314771352584655e-01 0.000000000000000000e+00 0.000000000000000000e+00 0.000000000000000000e+00
1.873438506126403809e+02 5.192037069464583432e-01 0.000000000000000000e+00 0.000000000000000000e+00 0.000000000000000000e+00
1.878441777229309082e+02 4.490206143286364915e-01 0.000000000000000000e+00 0.000000000000000000e+00 0.000000000000000000e+00
1.883444242477416992e+02 9.820510593942809452e-01 0.000000000000000000e+00 0.000000000000000000e+00 0.000000000000000000e+00
1.888453867435455322e+02 9.465514230335305701e-01 0.000000000000000000e+00 0.000000000000000000e+00 0.000000000000000000e+00
1.893457376956939697e+02 6.703741605611032162e-01 0.000000000000000000e+00 0.000000000000000000e+00 0.000000000000000000e+00
1.898460631370544434e+02 6.695497220209790656e-01 0.000000000000000000e+00 0.000000000000000000e+00 0.000000000000000000e+00
1.903463585376739502e+02 3.127108607668569462e-01 0.000000000000000000e+00 0.000000000000000000e+00 0.000000000000000000e+00
1.908466494083404541e+02 7.218602603739565637e-01 0.000000000000000000e+00 0.000000000000000000e+00 0.000000000000000000e+00
1.913470032215118408e+02 9.443950644735346067e-01 0.000000000000000000e+00 0.000000000000000000e+00 0.000000000000000000e+00
1.918472731113433838e+02 8.263237576496683667e-01 0.000000000000000000e+00 0.000000000000000000e+00 0.000000000000000000e+00
1.923476426601409912e+02 4.987045472655615708e-02 0.000000000000000000e+00 0.000000000000000000e+00 0.000000000000000000e+00
1.928478636741638184e+02 6.700646107258440010e-01 0.000000000000000000e+00 0.000000000000000000e+00 0.000000000000000000e+00
1.933505039215087891e+02 1.870899373949762579e-01 0.000000000000000000e+00 0.000000000000000000e+00 0.000000000000000000e+00
1.938507187366485596e+02 9.126860154476734710e-01 0.000000000000000000e+00 0.000000000000000000e+00 0.000000000000000000e+00
1.943521265983581543e+02 9.227468507506825235e-01 0.000000000000000000e+00 0.000000000000000000e+00 0.000000000000000000e+00
1.948523714542388916e+02 5.007030525886480010e-01 0.000000000000000000e+00 0.000000000000000000e+00 0.000000000000000000e+00
1.953656377792358398e+02 4.125233893989299627e-02 0.000000000000000000e+00 0.000000000000000000e+00 0.000000000000000000e+00
1.958658983707427979e+02 5.347429164748229713e-01 0.000000000000000000e+00 0.000000000000000000e+00 0.000000000000000000e+00
1.963661940097808838e+02 3.777487039542052338e-01 0.000000000000000000e+00 0.000000000000000000e+00 0.000000000000000000e+00
1.968665037155151367e+02 8.356873097471694267e-01 0.000000000000000000e+00 0.000000000000000000e+00 0.000000000000000000e+00
1.973675682544708252e+02 9.055095830340343932e-01 0.000000000000000000e+00 0.000000000000000000e+00 0.000000000000000000e+00
1.978678681850433350e+02 7.372230042063817601e-01 0.000000000000000000e+00 0.000000000000000000e+00 0.000000000000000000e+00
